0.0559261 0.0226329 0.102663 0.0160721 -0.109449 -0.0342437 -0.324591 -0.0136497 -0.252136 0.353111 0.207357 -0.34059 0.124509 -0.340745 0.47005 0.031845 -0.213995 0.133013 -0.0326565 0.0239966 0.0249812 -0.0357027 -0.0420116 0.0750091 0.133669 0.0572258 0.114412 0.0129382 0.0314649 -0.094497 0.0106443 -0.00191958 -0.0178283 -0.110502 -0 0.186152 0 0 -0 -0 -0 0 0
0.224105 0.169569 0.0360684 0.0607608 -0.216304 0.0825244 -0.0170086 -0.0347396 -0.157253 -0.0776516 0.0729082 0.0661989 0.0702301 -0.123776 -0.371474 0.0178516 0.0626092 -0.204702 -0.0219804 0.0130806 -0.0640869 -0.112194 -0.00765063 -0.0779823 -0.0327435 0.145348 -0.175548 -0.164442 -0.0660266 0.0289052 0.00981925 -0.0230976 -0.094286 -0.461432 -0.000468452 0.448057 0.0846317 0.0290961 -0.11286 -0.064216 -0.065796 -0.209794 -0.104625
0.143207 0.0989973 0.0810226 -0.0259202 0.360436 -0.0347278 -0.0760788 0.0674789 0.0678714 0.0727844 -0.338787 -0.0647812 -0.160527 0.23292 0.272398 -0.13348 -0.0965998 0.214905 0.0615339 -0.0463402 0.136692 -0.18166 -0.0126382 -0.286787 -0.325754 -0.0243494 -0.0856567 0.138881 -0.132393 0.0171434 -0.0177453 0.0139341 -0.0643221 -0.23306 0.0280001 0.0455672 0.0912675 0.0110751 -0.127757 -0.07952 -0.0782973 -0.251909 -0.104263
0.0791871 0.0954042 0.351418 0.0455696 0.130906 0.0763777 -0.200472 0.0710582 0.176876 0.0120562 -0.0124522 0.174029 -0.0692042 -0.0597183 -0.0181668 0.00953967 0.197965 -0.108268 -0.0222042 -0.0463915 0.000378899 0.261659 0.107743 0.355765 0.165906 -0.203668 0.289269 0.187273 0.268738 -0.00014045 0.0149332 0.00792237 -0.061495 -0.145584 0.0826619 -0.104053 0.0958153 -0.0263109 -0.145425 -0.102672 -0.0959191 -0.312422 -0.0934522
0.115959 -0.042173 -0.015634 0.321074 -0.176893 -0.0987175 0.192963 -0.151582 0.0276626 -0.136418 -0.140954 -0.188979 0.152285 0.330159 0.113976 -0.0434468 -0.233906 -0.00483753 -0.219271 -0.0828444 -0.170441 0.05047 -0.056931 -0.0538619 0.329945 0.146295 0.070125 -0.0180329 0.113154 -0.0074057 0.0314773 0.0343036 -0.0625367 -0.12687 0.114393 -0.1972 -0.217447 0.283038 -0.109709 -0.00188668 -0.0947562 -0.124432 -0.155997
0.0134759 -0.248549 -0.197724 0.0841958 0.169353 -0.154674 0.0622286 0.00982687 -0.0943557 0.195291 -0.116656 0.142077 -0.118202 -0.239139 0.184416 0.125965 0.264121 -0.228848 -0.0331472 0.004992 0.127718 0.045384 -0.0664705 0.236542 -0.13501 0.0804834 -0.168523 -0.306108 -0.158738 -0.0255963 0.0542979 -0.0669029 -0.066044 -0.0358794 0.273404 -0.124535 -0.29475 0.184188 -0.0751214 -0.01206 -0.0972756 -0.12769 -0.0553492
0.207805 -0.156599 -0.00722889 -0.177895 0.0388159 0.19343 0.0635124 0.114223 0.195036 0.0263191 0.279961 -0.102751 0.117008 -0.0656515 -0.170304 -0.130415 -0.0643304 0.139692 0.125275 0.000598539 -0.104123 -0.0437737 0.0205497 -0.150742 -0.0858795 -0.135095 0.0767091 0.168344 0.0284324 0.0122422 -0.0481733 -0.0200675 -0.0715135 0.0723907 0.518379 0.125302 -0.434952 0.0240312 0.00693114 -0.0114757 -0.0843458 -0.0793907 0.126496
0.0207608 0.0482324 -0.051549 0.0730505 -0.15306 -0.245586 -0.0255412 0.61787 0.0698073 -0.0528519 0.0464633 -0.0106443 -0.0779174 0.0883748 -0.0434048 0.0629224 0.0564352 0.039717 -0.0756822 -0.0716032 0.0203583 -0.10739 -0.0859468 0.015913 -0.0350134 0.0204861 -0.0685112 -0.0148106 0.169573 -0.63595 -0.122747 0.0544171 -0.000820573 0.00480579 0.000593248 0.0160716 -0.0046852 -0.00641605 0.00298353 0.00252463 -0.00728478 0.00605842 -0.00105197
0.177917 0.0180404 -0.164672 -0.204556 0.0467631 -0.228482 -0.197678 -0.0398213 0.0756226 0.0178208 -0.223924 0.184222 0.225988 0.0403716 0.0602357 -0.0655944 -0.0995495 -0.0504129 -0.0535698 0.187592 -0.0263716 0.0950226 -0.271357 0.0693746 0.201472 -0.257471 -0.437091 0.0926733 0.282415 0.105939 0.00591308 0.0313834 -0.0231458 0.0864563 -0.0280476 0.200053 -0.086707 -0.13993 0.0540287 0.034631 -0.150823 0.0828991 -0.0800019
0.240214 -0.179108 -0.0711695 0.0314587 -0.0691241 -0.0727388 -0.112829 -0.0863626 -0.0869555 -0.194525 0.108324 0.0240932 -0.19229 0.0326569 0.0570379 -0.144272 -0.044438 -0.0419683 -0.0551323 -0.323054 0.0922649 0.156646 0.171496 0.00274278 -0.179519 0.145676 0.156961 -0.0306207 0.0231659 0.00337736 -0.0179275 -0.0223182 -0.0764511 0.132177 -0.176544 0.098381 -0.197733 -0.395322 0.141014 0.0200037 -0.309311 0.077166 -0.344423
0.0693126 -0.0862523 -0.0341636 0.373043 0.130231 0.283943 -0.0535148 0.110885 -0.00274068 0.0692271 -0.0281228 0.0822008 0.159063 -0.0418394 -0.0701222 0.184263 0.112732 0.188514 0.145825 0.333864 -0.16891 -0.238582 -0.107086 -0.0180117 0.178211 -0.0324707 0.0267791 0.0357112 -0.222664 -0.0670414 0.040986 -0.00391615 -0.0618308 -0.0136775 -0.164831 -0.183133 -0.132008 -0.315234 0.129029 -0.042415 -0.0875009 -0.0308503 -0.281159
-0.217827 0.0640126 0.141644 0.0159034 0.211506 0.0769584 -0.0702856 0.15362 0.017382 0.2076 -0.0213481 -0.0653421 0.282359 -0.140042 -0.175264 -0.177161 -0.0919753 -0.1523 -0.0941707 -0.289786 -0.233609 0.0664833 -0.193779 -0.125574 -0.192011 0.0639547 -0.0387939 -0.150168 0.0994061 0.0594746 -0.00193078 -0.00110582 -0.0552564 0.020695 0.00841067 -0.1851 0.142389 0.153364 0.324655 -0.201438 -0.247949 0.103976 -0.15572
0.245002 0.0443932 0.173587 -0.0335756 -0.103075 0.0541208 0.249867 -0.0246901 0.083294 -0.0352384 0.103931 -0.122105 -0.0952554 0.0533042 0.200882 0.0410242 0.0905189 -0.152543 0.00510049 0.170707 0.2453 -0.0999136 0.248466 0.0533477 0.0686915 -0.0584667 -0.245922 0.072532 0.0532378 -0.000795816 -0.0172193 -0.0132149 -0.0680269 -0.150368 0.0983406 -0.116232 0.0994106 0.0604918 0.542766 -0.289492 -0.0282413 0.160388 -0.0295688
0.197853 0.0972491 -0.113138 -0.122718 -0.0278476 -0.283495 0.0239882 -0.124686 0.0549298 0.167852 -0.311939 0.0111475 -0.187578 -0.00588761 -0.190391 0.0866991 0.037443 0.165886 -0.0488538 -0.0144792 -0.158463 0.0607497 -0.247476 0.0736979 0.0570824 0.0201733 0.460983 -0.0288743 -0.152521 -0.046502 0.0619422 -0.0283471 -0.0318474 -0.155755 0.116738 0.109865 -0.0144426 -0.0609761 0.352258 -0.147146 0.129235 0.12928 0.102701
0.028208 -0.0148572 -0.286126 -0.167102 -0.0335477 0.201687 -0.107545 0.0294539 0.320797 0.224326 -0.142117 -0.113528 -0.132832 -0.122425 -0.156014 -0.11176 0.021559 -0.0575774 0.22225 -0.267806 0.310477 -0.158399 0.023798 -0.0411234 0.456098 0.267326 -0.0365832 0.0589173 0.0133693 -0.00990692 0.0213861 -0.0159429 -0.0141516 0.00299586 -0.121404 -0.0752516 0.0264852 0.0836021 -0.0843248 -0.0254581 -0.0872533 0.00815586 -0.0388512
0.156153 -0.153509 -0.0787803 -0.244308 -0.120862 0.103472 -0.0696082 -0.00949722 0.169594 0.126327 0.0225053 -0.338937 -0.176182 0.131794 -0.0575296 0.110063 0.103122 0.00994607 -0.0838849 0.282948 -0.303845 -0.0311284 -0.0286082 0.212915 -0.252909 0.0390265 0.00730624 -0.0554612 0.0890486 0.0955887 -0.262449 -0.105674 -0.0449069 -0.0409961 -0.11416 -0.116871 0.153058 0.130235 -0.241529 0.0534754 -0.157256 0.195429 -0.184597
0.109988 -0.251233 0.206863 -0.196996 -0.0227678 -0.0973565 0.145156 0.037428 0.000273912 0.0304911 0.0455308 0.0653495 -0.0202688 -0.0908371 0.0399747 -0.0241037 0.0356754 -0.18363 -0.0907293 0.0680763 -0.033224 0.00962294 -0.0372768 -0.347864 0.131332 -0.303894 0.143065 0.0220337 -0.197817 -0.179664 0.360059 -0.194808 -0.0573742 0.00613022 -0.314958 -0.000145338 -0.00828037 0.154839 -0.20912 -0.115459 -0.221204 0.123692 0.0610514
0.146129 -0.0521967 0.18346 0.0671865 0.0486285 0.0281116 0.376935 0.107462 0.0568343 0.129529 -0.0881655 0.271976 0.121225 -0.210772 -0.0954569 0.137672 -0.360342 0.323247 -0.107204 -0.0971007 0.205807 0.147886 0.0640792 0.184933 -2.00004e-05 0.0689326 -0.0642303 0.0382294 -0.100599 0.0302828 -0.232002 -0.107113 -0.0530586 -0.0537866 0.00850015 0.0444172 0.102381 0.0103268 -0.1896 0.0503202 -0.0744486 0.285427 -0.0610881
0.127676 0.178256 -0.172399 0.179554 0.0783795 0.0450177 0.304804 0.0573213 -0.142009 0.0766608 -0.0527919 -0.0410852 0.167739 0.0677687 0.147865 -0.15653 0.218165 -0.0146883 0.26329 -0.164329 -0.139341 -0.16343 0.0255921 0.278443 -0.126797 -0.0277604 0.10056 0.0912675 0.21189 0.0740659 0.0921463 0.0745963 -0.0774521 0.004998 -0.238867 0.15459 -0.112031 0.0163614 -0.160062 -0.195097 -0.13695 0.199109 0.29314
0.111999 0.150333 -0.112711 0.255969 0.282782 0.118833 -0.0583478 -0.0170155 0.171011 -0.0401833 0.150135 -0.157329 -0.0241692 0.0348914 0.0528281 0.0876765 0.123609 -0.22074 -0.165276 0.0572317 0.195924 0.25849 -0.175665 -0.254508 0.0541113 -0.043834 0.0935897 -0.112095 -0.0298799 -0.0155328 -0.0491135 0.296463 -0.0782737 -0.0816652 0.165462 0.0792582 0.0897023 -0.13712 -0.196262 0.0314688 0.0334889 0.410105 0.0570557
-0.0649979 -0.0873373 0.183183 0.188785 0.00472865 -0.237569 -0.244405 -0.149469 0.361099 -0.0302504 0.0126729 0.00280531 0.0458873 -0.110725 -0.0648614 -0.339307 0.128068 0.124745 -0.340552 0.0420385 -0.100296 -0.205303 0.203642 0.124434 0.0113692 0.125033 -0.166482 -0.0109579 -0.228003 -0.00722124 -0.0814741 0.0784929 -0.0531719 0.00485154 -0.0796166 0.0181615 -0.102823 -0.0751956 -0.0710314 -0.176842 0.000496132 0.0910428 0.278532
0.0870617 -0.19265 0.287028 0.0882448 0.0127491 -0.170842 -0.187592 -0.0330862 -0.00233797 -0.0459213 -0.058166 -0.009291 -0.0541181 0.0770522 -0.0771802 0.0873741 -0.232313 -0.187079 0.469069 -0.0229193 -0.131651 -0.0418209 -0.0267983 0.0454122 -0.0553281 0.251482 -0.136624 0.0110257 0.104455 -0.0472284 0.286288 -0.103203 -0.068766 -0.0685241 0.220982 -0.15674 0.0772755 -0.194843 -0.155257 -0.0309388 0.131943 0.265781 0.0967571
0.251499 -0.0267879 0.0597635 -0.112772 -0.0122416 0.116437 -0.182622 0.0591048 -0.353728 -0.0268027 -0.0795851 0.0605554 -0.0238064 0.0502614 -0.042641 0.0901324 0.0698103 0.118382 -0.0853479 -0.13484 0.0138104 0.00679689 0.0187255 -0.220756 0.150037 -0.0635969 -0.0530909 -0.304137 0.146854 0.110568 -0.352134 -0.110211 -0.0621719 0.01178 -0.0511038 -0.316423 -0.0963872 -0.129418 -0.094399 -0.274869 0.0872327 -0.028192 0.330425
0.144182 0.150409 -0.231859 -0.0641178 -0.211622 0.241474 -0.0741398 -0.0197935 -0.141912 -0.0463322 -0.00774608 0.0782684 0.034299 -0.107431 0.0118916 -0.0602963 -0.0207638 -0.0596256 -0.374382 -0.121149 0.0135398 -0.0384909 -0.170979 0.107895 -0.205675 0.0325565 -0.105374 0.446319 -0.129479 -0.0768062 0.281828 -0.0745271 -0.0374821 -0.0326976 0.127437 -0.338877 0.0706998 -0.112118 -0.107072 -0.0596125 0.112955 0.0472947 0.0309724
0.0681258 0.17088 -0.244147 0.100954 -0.202732 0.0385689 -0.0599347 0.0695606 0.103822 0.0887367 -0.158202 0.155819 0.0644735 -0.116706 0.0330907 -0.343175 -0.379059 -0.255536 0.148698 0.368557 0.0441851 0.109337 0.259125 -0.0484133 -0.167914 -0.11514 0.224791 -0.213354 -0.0196838 -0.0885443 -0.0952279 -0.010967 -0.0111948 0.00399782 -0.0122523 -0.158716 -0.00330299 -0.0196356 -0.0293562 -0.0646292 0.0264329 -0.043386 0.0446635
0.0274127 0.0688921 -0.0595789 0.0936434 -0.171571 -0.259278 -0.0639449 0.590537 0.0571839 -0.0238853 0.0840507 -0.0575835 -0.0438632 0.00826734 0.0459972 0.0572579 0.020753 0.000621538 -0.0193224 0.00913815 0.00211839 0.0652724 0.0427588 -0.0473853 0.0650788 0.026242 0.0344105 0.0508979 -0.178237 0.660053 0.149095 -0.0487216 -0.00160493 -0.00108281 0.00428164 -0.0305928 0.0054715 -0.00356439 -0.00687627 -0.00478946 0.00590453 -0.00399609 -0.001596
0.014832 0.0361088 4.75333e-05 0.0497705 -0.063376 -0.041592 -0.0586606 -0.0942887 0.00687329 0.567652 0.427436 0.395197 -0.0755404 0.511918 -0.028171 -0.0173055 -0.0710752 -0.0536758 -0.0733348 -0.0452816 0.0647175 -0.142668 -0.0572673 0.0141919 -0.00516553 -0.00137636 0.0171202 -0.0404196 -0.0135375 0.0408169 0.0198867 0.0106956 -0.000901809 0.007472 0.00113257 -0.00846256 0.00354296 0.00177034 -0.00394201 0.000481225 -0.00234574 -0.0029389 -0.00539416
0.0762208 0.19895 -0.043553 0.190469 -0.214547 -0.17414 0.0229944 -0.176886 0.0538867 0.293509 -0.00629333 -0.0484585 -0.0399976 -0.112824 -0.0445975 0.13964 0.230374 0.14456 0.222184 -0.0925493 -0.209834 0.440268 0.200533 -0.294772 -0.068139 -0.0314922 -0.274795 0.213712 -0.0682106 -0.104117 -0.0626422 0.0202856 -0.0155559 0.133994 -0.0276398 -0.0847824 0.0118721 0.0344001 -0.0379729 -0.0298259 -0.039146 -0.0737525 -0.0266212
0.172492 0.15377 0.135113 0.150911 -0.200559 -0.187124 0.0381046 -0.175294 0.0538253 -0.00220756 -0.00267703 -0.107481 0.0065915 -0.192957 -0.155362 0.000496295 0.0800159 0.161719 0.0217989 -0.047617 0.270423 -0.37783 -0.150693 -0.0324703 -0.133769 -0.268989 0.0799744 -0.232702 0.191714 0.0998174 0.145173 0.0976018 -0.0549224 0.332238 0.118264 -0.133375 0.130929 0.0306889 -0.116635 0.0530233 -0.0105747 -0.0383919 -0.194832
0.206861 0.14721 0.196795 -0.0539301 0.166097 -0.131524 0.0624854 0.0129071 -0.173763 0.0048758 0.0235692 -0.100794 0.00945652 0.0122916 -0.123851 0.00690671 -0.0878059 -0.317703 0.0191911 0.199849 0.086099 -0.00578336 -0.192375 0.070804 0.0380208 0.313001 0.0587511 0.2581 -0.221537 -0.0152789 -0.251004 0.104667 -0.0755489 0.470927 -0.0905936 0.0308234 -0.0390023 0.0838847 -0.0332231 -0.118463 -0.0095791 -0.190351 0.0235012
0.177001 0.19789 0.000962367 -0.144737 0.237863 0.112646 0.0369111 0.131159 -0.142943 0.104637 -0.102917 -0.0104105 -0.0391177 0.0748646 0.00156865 -0.106984 0.050823 0.0793851 -0.198893 0.0279615 -0.265309 -0.0141513 0.429898 0.0349075 0.203175 0.101469 -0.0732285 -0.233784 -0.0138544 -0.0870897 0.312175 -0.020324 -0.0807077 0.310531 0.184785 0.130217 0.120478 -0.0071774 -0.0488923 0.0927564 0.150317 0.0699646 -0.172873
0.0847631 0.16409 0.0807112 0.0639845 -0.129081 0.283859 -0.0358617 -0.0110677 0.411056 -0.120682 -0.0294629 0.157181 -0.16285 -0.0614611 0.333507 0.298243 -0.174383 -0.133409 0.000127437 -0.233461 -0.257224 -0.0735792 -0.174715 0.0176024 -0.0575502 -0.0375868 -0.0680129 -0.176864 -0.0835815 0.0175959 -0.0248443 -0.117238 -0.0616647 0.241377 -0.0858933 0.193366 -0.0661879 0.0497451 0.0470509 -0.0899718 0.11521 -0.082874 0.0741797
0.00142486 -0.199451 0.190359 0.0616847 -0.276658 0.150826 0.0123395 0.0659007 0.0281877 0.0823523 -0.221714 0.141203 0.227803 0.0858247 0.199995 -0.288315 0.40212 -0.0150796 0.0115237 0.072126 0.113907 0.0810788 -0.167908 -0.167631 -0.0421301 0.226987 0.124865 0.0436011 0.0828842 0.024377 -0.122509 -0.257414 -0.0667132 0.115849 0.112613 0.182753 0.0838008 0.000703064 0.0112447 0.0726798 0.235143 0.0956297 -0.117841
0.0466518 -0.231137 -0.0110249 0.224548 -0.00228036 0.162443 -0.162351 0.0573011 -0.014914 0.129125 -0.150548 -0.347822 0.107317 0.248451 -0.272992 0.0694303 -0.109062 -0.0130201 -0.0556407 -0.0837378 0.265169 0.222387 0.0526787 0.215188 -0.134382 -0.278477 -0.10208 -0.0388586 -0.102271 -0.0427371 0.156901 -0.13922 -0.0670232 0.114822 -0.155177 0.188735 -0.0622695 0.0850669 0.0787729 -0.105987 0.23034 -0.0799759 0.0667973
0.0401266 -0.272558 -0.152228 0.195469 0.127572 -0.129619 0.0160744 -0.00510909 -0.0974071 0.0844013 -0.0516119 0.0456618 -0.105916 -0.164933 -0.0292279 0.00945764 -0.0641952 -0.299082 -0.0656686 -0.201615 -0.208457 -0.291388 0.180698 -0.112543 0.0742921 -0.279755 0.0506022 0.29362 0.084973 0.0761467 -0.308334 0.000879709 -0.0698914 -0.016686 0.028335 0.0761759 0.114764 0.0567436 0.015628 0.0560032 0.33386 0.0730008 -0.165676
0.193505 -0.218592 -0.114415 0.0476642 0.172752 -0.00253276 0.0601508 0.0176522 0.10833 -0.0156768 0.206332 0.129248 -0.111421 -0.193238 -0.0307326 -0.0417979 -0.0624477 0.201491 -0.076168 0.179276 -0.00604961 0.1412 -0.0872598 -0.120018 -0.130494 0.277147 -0.0166307 -0.00145446 0.395939 0.05666 0.221647 0.164284 -0.0746288 -0.0241491 -0.290354 -0.0240915 -0.0102844 0.181423 0.0629924 -0.142934 0.341073 -0.149051 -0.0166615
0.241578 0.00673022 -0.0626499 -0.156396 0.0740344 -0.112091 -0.0149176 -0.00720287 0.0460923 -0.18972 0.282369 0.0058428 0.21287 0.0497494 0.100909 -0.286387 0.0698233 0.094047 0.281395 -0.201086 -0.0716633 0.121486 -0.155725 0.194011 0.0852482 -0.160629 -0.0623886 -0.159873 -0.365668 -0.0765592 -0.106183 0.0495704 -0.0522791 -0.106814 -0.0771135 -0.160946 0.135538 0.117176 -0.0201466 0.0161775 0.293919 -0.0112859 -0.201964
0.10613 0.00611979 -0.134228 -0.197821 0.0719272 -0.170781 -0.145625 -0.0650934 0.191305 -0.0472123 -0.0092515 0.0646253 0.604491 0.0735585 0.0456965 0.457276 0.0822393 -0.0811166 -0.0431346 -0.0654351 0.10862 -0.118181 0.307127 -0.0817927 -0.158409 0.154025 0.199625 0.0242689 0.0169946 -0.0324173 0.0217638 -0.0142312 -0.00782775 -0.0169283 -0.0471252 -0.0465139 0.00955838 0.032868 -0.00120005 -0.0190449 0.0413494 -0.028551 -0.0182609
0.217555 -0.11274 0.107948 0.0558351 -0.11818 0.171815 -0.318836 0.0569493 -0.143775 -0.0722911 -0.159358 0.223301 -0.0441504 0.0194049 -0.0135861 0.0285676 0.0314814 0.0640244 0.0801359 -0.0235885 -0.014532 -0.0235398 0.0700592 0.0104912 -0.0508839 -0.00944611 0.0318229 0.0648917 -0.103871 0.0110783 0.0276782 0.447831 -0.0548142 0.0194492 -0.0316013 -0.0182846 0.00424657 0.44213 0.183157 0.341517 -0.177191 0.17271 0.150723
0.130403 0.304901 0.179012 0.0167425 0.157073 -0.0454952 0.0305787 0.00164035 0.0730769 0.0856966 0.0168155 -0.103241 -0.0156149 -0.0630202 -0.0692907 -0.0657337 0.0429441 -0.121789 -0.0570784 -0.0168197 0.0361889 -0.0337614 -0.0141865 -0.0242881 -0.0530605 0.00849932 -0.0364031 -0.00202383 0.0947788 0.0090019 -0.0125223 -0.323019 -0.0960292 -0.170491 -0.242428 -0.171566 -0.342968 -0.0137908 0.137779 0.597576 0.143768 0.0431654 0.0943357
0.193816 -0.16006 -0.228693 0.224361 0.132697 -0.0460191 0.0135546 -0.0450518 0.0393291 -0.0825499 0.132337 -0.0150405 0.0353496 -0.000962646 0.029598 -0.0386379 -0.0082208 0.0460099 -0.0150821 0.0163727 -0.039199 0.0129173 -0.049724 0.00267556 0.0610774 0.0468689 0.0182292 -0.0205897 0.0117412 -0.0321445 -0.00503303 -0.33967 -0.0932163 0.100584 0.0992925 0.00884635 0.511542 -0.0290528 0.155016 0.238918 -0.295582 -0.238211 0.368661
0.0719195 -0.242281 0.126198 -0.165328 -0.154788 0.0443296 0.309898 0.0712572 0.0992315 0.237226 -0.133719 -0.132972 0.107728 -0.0103786 0.056091 -0.00415024 -0.011106 -0.153215 -0.074681 -0.100686 -0.0936997 0.0245536 -0.0232205 0.0139253 -0.0218326 -0.00808814 -0.0476903 -0.108839 -0.0431641 0.0309698 0.0385647 0.474288 -0.0704857 -0.0586487 -0.0593201 -0.0844434 0.108308 -0.413194 0.0232951 0.222211 0.0564565 -0.275073 0.160086
0.313237 -0.048841 0.0666553 0.104643 0.064912 0.0353988 0.00592231 0.0254022 0.0429949 0.0608565 -0.0298816 -0.0254913 0.0327983 -0.0342648 -0.00928994 -0.0518959 0.0304416 -0.0763899 -0.0370569 -0.0482379 -0.0424874 -0.0136909 -0.0166351 -0.00341812 -0.0259769 0.0257398 -0.0154722 -0.0262951 0.00368517 0.00278818 0.0157147 -0.0269864 0.92186 -5.57409e-12 2.38749e-12 -1.91303e-12 3.50608e-12 -1.99632e-13 -2.24462e-12 2.89685e-12 -6.63088e-13 -1.69633e-13 -3.05972e-12
