0.187604 -0.153247 0.0389555 -0.174403 0.0114019 0.0515806 -0.0686437 -0.331484 0.149185 -0.0653808 -0.188956 -0.0656429 0.198249 -0.028687 -0.0347146 0.219987 0.0767517 0.133887 0.0774706 -0.184109 0.329399 0.0657262 0.0357511 -0.172315 -0.0270769 0.125156 0.106653 -0.0415521 -0.0225676 -0.00827197 0.00358741 0.00933527 0.0155532 -0.333238 0.535498 -0 -0 -0 0 -0 -0 0 -0 0
0.184515 -0.0624431 0.236637 -0.166673 0.0236206 0.0561864 -0.0631237 0.073505 0.0547327 -0.0622642 -0.265858 0.0321482 0.0566095 0.119474 0.0630127 -0.282139 0.0642544 -0.166467 -0.140626 0.381398 -0.325338 -0.182552 -0.075854 0.161824 0.00814448 -0.306722 -0.17201 0.0365428 -0.0214258 -0.0632807 0.011341 0.0252948 0.0424502 -0.281039 0.264422 0.0419745 -0.065285 -0.0454034 -0.0289945 -0.148835 -0.0591632 0.0177833 0.0380521 -7.70146e-17
0.116896 0.0982563 0.25041 0.0141642 -0.085186 0.0606543 0.127017 0.310976 -0.179609 0.0424192 0.0138453 0.00947236 -0.333657 0.095653 -0.0557247 -0.292564 -0.27436 -0.0523742 0.0214846 -0.149743 0.12821 -0.0126849 0.105606 -0.106658 -0.0186854 0.452422 0.0756778 -0.053886 0.113485 0.106332 -0.00364847 -0.00380948 -0.00757816 -0.247858 0.090508 0.0742533 -0.0854198 -0.050941 -0.0429644 -0.254742 -0.0914498 0.0535998 0.0742595 -1.71858e-16
0.172083 0.118564 0.134586 0.124007 -0.184182 0.0346187 0.0971677 -0.0658898 -0.171988 0.175342 0.317598 -0.00835943 -0.0993336 -0.205134 -0.0123608 0.416867 0.0544646 0.160873 0.155321 -0.0856757 -0.177465 0.0867416 -0.0329482 0.118551 0.0192585 -0.329421 -0.00556761 -0.00745184 -0.0514126 -0.0137312 -0.0192325 -0.0311553 0.0798093 -0.240476 -0.0256733 0.110896 -0.0663448 -0.0162601 -0.0472108 -0.363046 -0.109679 0.125133 0.125046 -3.19696e-16
0.0679092 0.244872 -0.131628 0.0585319 0.00931733 -0.0981587 -0.169923 -0.186573 0.0731208 0.134852 0.310008 0.00152436 0.346383 0.129656 0.0983774 -0.0796601 0.216398 -0.134987 -0.246315 0.206025 0.0670444 0.00150379 0.0654997 0.0686689 0.031968 0.300524 0.10655 0.0468812 0.0723711 0.00385124 -0.0543552 -0.0205491 -0.115551 -0.184541 -0.137967 0.433093 -0.0539747 -0.0260099 0.0262502 -0.106075 -0.0610894 0.012839 0.0137047 -2.71952e-17
-0.092346 0.313528 -0.0884495 -0.018186 0.172134 -0.0331324 -0.0947257 -0.0145767 0.0357764 -0.0901017 -0.0900001 0.0144525 0.0115165 0.0892836 -0.12164 -0.24373 -0.212013 0.0752881 0.229772 -0.167093 0.277878 0.0101201 -0.162288 -0.202298 -0.00544357 -0.364277 -0.254517 -0.00609909 -0.166574 -0.0667144 0.0271075 0.0517001 -0.0598061 -0.108538 -0.102662 0.402111 0.102059 0.123218 0.067744 -0.045193 0.0123521 0.11895 0.0436919 -1.75402e-16
-0.193245 0.0815227 0.191942 -0.069202 0.184818 -0.123058 -0.0453988 0.0657975 0.0403408 -0.162072 -0.29776 -0.0407151 -0.21302 -0.150846 0.107496 0.294172 0.0775744 -0.00182716 -0.0832627 -0.0405306 -0.276074 -0.00684998 0.102202 0.0924306 -0.04219 0.149075 0.180445 -0.00799605 0.0992529 0.0540413 0.0144458 -0.0302872 -0.0591066 -0.0359488 0.00546601 0.357132 0.290777 0.298822 0.121389 0.0640224 0.109345 0.229369 0.0653435 -2.78483e-16
-0.0192735 0.0952231 -0.0530366 -0.0351691 0.177072 0.00370669 0.448838 -0.135884 -0.1929 0.267954 -0.194201 0.0824814 0.198539 0.119779 0.0933655 -0.036248 -0.160192 0.0551632 -0.062488 -0.0982825 0.0653584 0.000888639 -0.173543 0.398567 -0.501824 -0.0111197 0.149316 0.0617429 -0.0257787 0.0481097 0.0130778 0.00262877 -0.0033171 -0.00508288 0.010276 -0.00723335 -0.000706406 0.00842523 0.00386049 0.0195701 0.0133526 0.0177971 -0.00333497 -3.46207e-17
-0.0931053 0.0933201 0.171037 -0.119994 0.135357 0.24554 0.151247 -0.112977 0.184018 0.120658 0.283384 0.150498 -0.19367 0.200248 0.148401 -0.231941 0.359031 0.118195 0.0629097 -0.248168 -0.075209 -0.0604695 -0.217863 0.0332139 0.244562 -0.0169336 0.122496 0.0599744 0.0655842 -0.0656326 0.058134 0.0163666 -0.0076958 -0.0504639 0.0699203 -0.101549 -0.0910246 0.0719374 0.0299214 0.219359 0.1151 0.261774 -0.0246163 -2.08735e-16
-0.155517 0.14679 0.201283 -0.168417 0.0341997 0.216713 -0.14959 -0.079018 -0.114406 -0.0734043 0.156581 -0.0596009 0.163385 -0.0934915 -0.00770114 0.00251087 -0.216976 0.0844596 -0.0714898 0.216401 -0.0473596 0.180642 0.254679 -0.116655 -0.246972 -0.00839142 -0.106225 -0.131696 -0.0853419 0.12098 -0.104563 -0.0676203 -0.0768514 -0.00355945 -0.0111412 -0.16728 -0.298373 0.0344498 -0.00257784 0.234883 -0.00103382 0.447125 0.0251495 -4.57706e-16
-0.0302898 0.192553 -0.0217914 -0.207342 -0.244687 -0.248428 -0.081432 0.0253656 -0.071627 0.090966 -0.247846 -0.220735 0.0470856 0.00897288 -0.0475702 0.171475 0.00983671 -0.248298 0.125768 -0.0742506 0.168426 -0.3027 -0.149727 0.125796 0.198562 0.0230656 0.0716688 0.147864 0.0974816 -0.095839 0.0988504 0.0502998 -0.109959 0.108074 -0.0653983 -0.120834 -0.300877 -0.0222496 -0.0433679 0.0575331 -0.201771 0.322856 0.0953004 -3.98128e-16
0.166325 0.104781 0.0121858 -0.0362733 -0.181726 -0.321942 0.181852 0.0818524 0.172934 -0.114184 -0.228086 0.122277 -0.0526044 0.0436798 0.0130979 -0.0822193 0.262542 0.186792 -0.081107 -0.0748147 -0.00933726 0.370627 0.0633551 0.0664197 0.0124836 0.0331756 -0.0983917 -0.185083 -0.18832 0.0211818 -0.12699 -0.0200311 0.0717642 -0.180981 -0.247225 -0.0455711 -0.120993 0.0623171 -0.138071 0.263259 -0.28817 -0.0417673 0.0981891 1.66382e-16
0.237708 0.0223525 0.101329 0.199657 0.206907 0.0501036 -0.0258748 -0.058908 0.017174 -0.172176 0.109382 0.1272 0.0881172 -0.103788 -0.00284597 0.0342009 -0.189677 -0.00192783 -0.0712597 -0.0176915 -0.108577 -0.209298 -0.167024 -0.28202 -0.115238 -0.0584632 0.210198 0.166318 0.227138 -0.0245327 0.16175 0.00099661 0.0277227 -0.0571399 -0.0968932 -0.0478904 0.0212586 0.159988 -0.144711 0.283127 -0.454715 -0.106416 0.182624 1.27603e-16
0.103937 -0.0130926 -0.00792339 0.160358 0.278946 0.173247 -0.263921 -0.066231 -0.119939 0.356232 -0.010552 -0.155065 -0.230856 0.145484 0.0146248 0.0471439 0.0458158 -0.104335 0.140387 0.0490751 0.128124 -0.00866839 0.205315 0.302743 0.0901633 0.0507845 -0.201822 -0.086228 -0.148817 0.0123145 -0.140219 0.0433251 -0.0101256 0.0579902 0.122926 -0.038122 0.156673 0.190795 -0.0601505 0.209501 -0.308892 -0.0780057 0.144719 1.21463e-16
-0.170141 -0.066691 0.081261 0.162168 0.114871 -0.162192 -0.233245 -0.0498466 -0.238731 0.132294 -0.179407 -0.0661152 -0.142709 0.394172 0.0229626 0.0290802 0.216421 0.171111 0.0862726 0.0400438 -0.0241067 0.0715516 0.192475 -0.229341 -0.207966 -0.154595 0.18471 0.0317761 0.152189 -0.206967 0.212835 -0.161906 -0.0355517 -0.132948 -0.124321 -0.0340876 -0.0955206 -0.245735 -0.0758448 -0.021457 0.0012133 -0.0179662 -0.131351 3.80313e-17
-0.126113 -0.0298754 0.223921 0.255988 0.220337 -0.056774 -0.0928878 -0.062962 -0.0852097 -0.184332 -0.0478531 -0.0145412 -0.0048347 0.076162 0.171791 0.218943 -0.00300294 -0.0811444 -0.211825 -0.220815 0.0438558 -0.141834 -0.231137 0.0200011 0.0713817 0.0374144 -0.225878 -0.0114605 -0.116079 0.291252 -0.222492 0.224025 -0.0824704 -0.144063 -0.101118 -0.035056 -0.236693 -0.0982484 -0.231476 -0.0425868 0.0910303 -0.0834289 -0.262875 1.60778e-16
0.018664 0.1655 0.126532 0.266755 0.160909 0.0934376 0.12532 0.0474386 0.359883 -0.115079 -0.0467229 -0.0269664 0.0319716 -0.224392 0.0219911 -0.0126701 -0.160391 -0.234212 0.119571 -0.0106038 0.153828 0.100443 0.247974 0.281329 0.130412 -0.126592 0.160273 -0.00547223 0.0642055 -0.228703 0.0125433 -0.215983 -0.183767 -0.149867 -0.0534408 -0.0808733 0.0369794 -0.283658 -0.0902519 0.0545485 0.0349907 0.029953 -0.206801 5.44443e-17
0.117261 0.24134 -0.128497 0.028206 0.0589025 -0.0196591 -0.0617058 0.106456 0.2683 0.332017 -0.098457 0.0309426 -0.00726496 -0.175205 -0.0543488 0.037893 0.0325928 0.0750711 0.361747 0.151467 -0.304997 -0.0950235 -0.0773886 -0.190058 -0.176578 0.242124 -0.0368654 0.018905 -0.191657 0.0866552 0.143302 0.161795 -0.11902 -0.0631975 0.0306905 -0.0527066 -0.0768428 0.0528484 -0.234575 0.0177519 0.124715 -0.0420562 -0.270758 8.93844e-17
0.108265 0.188549 -0.0886351 -0.21673 0.0848297 -0.195927 -0.193593 0.0113343 -0.0314015 0.202441 0.0146782 0.218477 -0.150831 -0.140324 -0.217029 0.0235356 -0.108976 0.289677 -0.26996 0.0336905 0.0854397 -0.0900307 -0.0540501 0.0822237 0.0800834 -0.0561454 -0.121125 0.0955804 0.348646 0.0823793 -0.233836 -0.111917 0.103887 -0.0741839 0.0425738 -0.1079 0.246372 -0.217356 -0.0805039 0.106027 0.0347065 0.091689 -0.214153 -2.8507e-17
0.181317 0.134639 -0.0267778 -0.209645 0.0342803 -0.184879 -0.150235 -0.0713014 -0.285644 -0.0900774 0.169838 0.130854 -0.0582609 -0.0122428 -0.0139524 -0.0675242 -0.0507817 -0.334488 -0.145969 -0.154812 -0.018414 0.106279 0.0774483 0.0469342 0.0344362 -0.112012 0.259992 -0.207823 -0.262082 -0.0962126 0.258364 0.0328416 0.145384 0.0534407 0.095885 -0.0564257 0.0721677 0.201327 -0.274065 0.00904486 0.11609 -0.0138914 -0.276602 2.84466e-17
0.195913 0.146881 0.0151337 -0.0657891 -0.0428163 -0.118228 0.104925 -0.0843804 -0.17884 -0.327186 0.132365 -0.269101 0.0910116 0.145484 0.305717 -0.0666957 0.0496954 -0.0124088 0.355978 0.00800414 -0.109799 0.104487 0.0686818 0.008172 -0.0633849 0.10632 -0.190817 0.299402 0.128581 0.0381777 -0.101994 0.111637 0.102929 0.0415078 0.0300615 -0.086805 0.352303 -0.136531 -0.0715122 0.0475375 -0.0317868 0.110687 -0.147207 -1.42899e-16
0.0746976 0.238461 0.0405791 0.108953 -0.150248 0.198165 0.182321 -0.0271943 0.0343861 -0.153293 -0.042262 -0.357449 -0.0506608 0.192239 -0.0448217 0.0629203 0.0349646 0.317762 -0.171121 0.272549 0.151422 -0.227669 -0.136539 -0.0165416 0.0462051 0.00059092 0.0886256 -0.314875 0.000977218 -0.0837932 -0.0165336 -0.166321 -0.0243263 0.154959 0.0101308 -0.01849 0.123682 0.214742 -0.244426 -0.0935158 0.00930592 -0.00886561 -0.172742 -2.235e-17
-0.00801367 0.128907 0.193452 0.0366277 -0.1633 0.390085 -0.02537 0.0240574 -0.0165496 0.106332 -0.210831 0.0034508 0.124851 0.0519385 -0.338051 0.0345751 0.18678 -0.130437 -0.255883 -0.108373 -0.00278129 0.289408 -0.0243769 -0.111269 0.0193675 -0.0186071 0.0291721 0.31718 -0.116609 0.112014 0.108391 0.184305 -0.0908832 0.121529 -0.0879532 -0.0367728 0.303085 -0.110297 -0.0763167 -0.0835519 -0.125173 0.080097 -0.0613605 -1.64089e-16
-0.042409 -0.151808 0.301438 -0.198594 -0.0254587 0.063754 -0.114646 -0.0373333 0.013954 0.14724 -0.0770063 0.219063 0.207677 -0.123301 0.176265 -0.0538021 0.0610967 -0.0723071 0.15993 -0.144001 0.0230341 0.029578 -0.0907462 -0.0856694 -0.103525 0.0963912 -0.140771 -0.164568 0.182307 -0.343856 -0.283559 -0.168708 -0.0743903 0.222929 -0.161818 0.0286993 0.085086 0.155887 -0.244891 -0.248345 -0.118504 -0.0325227 -0.0864871 -4.17049e-17
-0.0222161 -0.186551 0.226275 -0.240293 0.0289454 -0.14974 0.0213044 -0.171615 0.236914 0.0654019 0.0641044 0.0602726 -0.0196462 0.0223611 0.144174 -0.0842012 -0.0713685 0.174447 0.0774669 0.0740744 0.151817 -0.221845 0.255948 0.0438865 0.0566856 -0.119825 0.145999 -0.032352 -0.164797 0.454535 0.21883 0.0758388 -0.0858213 0.138973 -0.208324 0.0103177 0.168087 -0.118666 -0.081721 -0.193209 -0.185029 0.0296157 0.00209319 -1.27609e-16
-0.0142398 -0.11657 0.0898544 -0.163111 0.0526309 -0.172837 0.075832 -0.218786 0.368369 0.0335767 0.179299 -0.127132 -0.155125 0.447311 -0.307849 0.220122 -0.357697 -0.172513 -0.0239359 0.018176 -0.219734 0.212076 -0.145571 0.0059163 -0.039386 0.0803681 -0.0831304 0.00985269 0.0296161 -0.122765 -0.0462098 -0.0236407 -0.0148132 0.0271089 -0.0392601 0.00819958 -0.00125702 0.00515953 -0.0270045 -0.0440763 -0.0260832 -0.00758612 -0.00149055 -1.46231e-17
0.176373 -0.0609723 -0.146667 -0.0490647 0.00299414 0.146777 -0.12367 -0.273811 0.0212794 0.119187 -0.190624 -0.245249 -0.265827 -0.208608 0.353049 -0.122571 -0.114858 -0.0848747 -0.100553 0.0667083 0.0356236 0.35189 -0.292492 -0.0605047 0.0695968 -0.00237579 -0.0293612 0.0566514 0.125437 0.192078 0.182872 -0.244711 0.0247147 -0.0238187 -0.192132 -0.00895176 -0.0993793 0.0421027 0.0310799 -0.08014 0.0465922 0.00772903 -0.0294145 -2.93694e-17
0.248221 -0.035481 -0.114448 -0.0394278 -0.00893629 0.17577 -0.0679334 -0.30709 0.0162927 -0.0634403 -0.141634 -0.0558034 -0.169101 -0.0623457 -0.0370806 -0.0872612 -0.0600752 0.065203 -0.0757235 -0.0977736 -0.104309 -0.233959 0.168335 -0.0107398 -0.0810838 0.0595817 0.153323 -0.0749514 -0.107208 -0.315533 -0.244664 0.399686 0.0804268 -0.0888273 -0.372447 -0.0778027 -0.00733435 -0.0851861 0.222868 -0.0780628 0.0644947 0.0956387 -0.0315711 -1.3463e-16
0.273188 0.00255543 0.00512771 -0.0132762 0.1063 0.161268 -0.0347078 -0.0464912 -0.0438328 -0.18015 -0.106535 0.19532 0.138367 0.174981 -0.291775 0.0988404 0.106888 -0.0207585 0.189128 -0.0797878 -0.00413018 -0.140936 0.159199 0.16287 0.0436942 0.111446 -0.182295 0.0979159 0.0837668 0.21437 0.150928 -0.373671 0.167959 -0.0346312 -0.272823 -0.07104 -0.151934 0.244952 0.141226 -0.0969803 0.164516 -0.00224799 -0.0963273 -3.64597e-17
0.212433 -0.023317 0.150114 -0.0676312 0.175669 0.0111365 -0.0357357 0.33487 -0.0266197 0.0533638 0.0251399 0.115089 0.117258 0.133681 0.102832 0.249094 0.0137458 -0.0682389 0.123704 0.300948 0.261834 0.191654 -0.261233 -0.0375081 0.0581284 -0.0155224 0.121963 -0.282036 0.10819 0.00468031 0.0667628 0.290791 0.0448879 -0.072484 -0.176601 -0.130167 0.116643 -0.0274853 0.306069 0.0217796 0.0726472 0.0772392 -0.0393666 -8.72807e-17
0.175818 -0.0329514 0.203443 -0.049872 0.0917239 -0.178657 0.0609125 0.270383 0.13462 0.208987 0.108178 -0.255034 0.0109505 -0.027132 0.141458 0.0268253 0.0120074 0.0309936 -0.230719 -0.039189 0.187152 -0.0579462 0.14339 -0.177666 -0.0894665 -0.10891 0.00657716 0.4508 -0.239963 -0.142785 -0.150976 -0.129049 0.0719382 -0.00107891 -0.0456039 -0.0953912 -0.0668919 0.289259 0.157952 -0.0198191 0.133844 -0.0574963 -0.094116 -7.08905e-18
0.0780458 -0.0134108 0.256269 0.176181 -0.0020634 -0.258392 -0.0150711 -0.0951543 -0.0499776 0.161033 0.0658063 -0.329312 0.223995 -0.161559 -0.171397 -0.222433 0.0552801 0.0202565 -0.09167 -0.260592 -0.179551 -0.0724111 -0.0725689 0.00456123 -0.0135359 0.0385991 -0.20615 -0.335444 0.0722571 0.023383 0.232303 -0.0451043 -0.145386 -0.0439624 -0.00207077 -0.150738 0.169869 -0.018962 0.321221 0.0617468 0.0175982 0.00759411 -0.035304 5.46257e-17
-0.057607 0.0904259 0.230005 0.200619 -0.163363 -0.197584 -0.0539321 -0.291748 -0.140516 -0.011006 -0.0721829 0.145418 -0.0269774 -0.0193806 -0.151766 -0.190509 -0.0803063 0.0615221 0.210881 0.231057 0.00821395 0.158573 -0.0599433 0.0529642 0.164141 -0.0639713 0.290014 0.165721 0.0573805 0.11769 -0.28409 0.0922305 -0.214001 0.0299241 0.0865033 -0.119711 -0.0708999 0.313938 0.175322 -0.026928 0.0647703 -0.167643 -0.102127 1.61791e-16
-0.0624105 0.260119 0.0805326 0.0317658 -0.243167 0.00119929 -0.0200909 -0.177004 -0.00225091 -0.0639405 0.0122913 0.370428 -0.212457 0.06183 0.253776 0.189792 -0.0448125 -0.0793881 -0.0953708 0.0862861 0.0770602 -0.15285 -0.0518384 -0.0696016 -0.124924 0.138156 -0.247081 0.0312044 -0.2611 -0.154177 0.173331 -0.190621 -0.169411 -0.0225912 0.0715479 -0.162776 0.151464 -0.089945 0.329227 0.0185272 -0.100657 -0.105305 -0.026476 1.15807e-16
-0.0614076 0.328449 -0.0926782 -0.122488 -0.0838438 0.0972909 -0.0122909 0.0469673 0.204413 0.0190537 -0.00181723 -0.0405391 -0.0373487 0.0995159 0.153369 0.063787 0.0339349 -0.090582 -0.0846527 -0.196282 -0.0220537 0.0491669 0.293344 -0.0170547 -0.151376 -0.239519 -0.0821955 -0.119759 0.45458 0.138664 0.0382196 0.266791 -0.0381458 0.0512671 0.0947472 -0.101769 -0.152354 0.198868 0.128768 -0.123278 -0.0848136 -0.294645 -0.0840819 2.86587e-16
-0.123967 0.251704 -0.0578309 -0.204636 0.157694 0.0940131 -0.165478 0.128579 0.000792343 -0.0395343 -0.0385198 -0.147642 0.133474 0.0690074 0.0322362 0.00301563 -0.0215846 0.00414117 0.0963331 -0.158283 -0.237292 -0.0172199 -0.150794 -0.0511253 0.0846057 0.00317153 0.333556 -0.0950176 -0.244065 0.153994 -0.293995 -0.303454 0.141273 -0.00426799 0.0151058 -0.116783 0.0197615 -0.204154 0.23189 -0.107056 -0.236988 -0.215841 -0.00620835 2.11973e-16
-0.153785 0.0843343 0.0940066 -0.238818 0.303355 0.0136307 -0.0396635 0.00473052 -0.104552 -0.18123 0.0576369 -0.0885867 0.00774949 -0.185224 -0.0845546 -0.00694404 -0.00522081 0.359354 -0.0412881 0.083379 0.0201733 0.162638 -0.0358767 0.248857 0.138245 0.209143 -0.115679 0.17392 -0.0369784 -0.293575 0.312182 0.179878 -0.0422572 0.0359688 -0.0128989 -0.0358935 -0.181872 0.00582478 0.0305176 -0.174761 -0.160991 -0.255134 -0.0343051 2.41476e-16
-0.0717307 0.049377 0.0211509 -0.166847 0.267989 -0.0693181 0.309686 -0.160783 -0.079923 -0.0814425 0.0914199 -0.0926047 -0.271226 -0.250434 -0.284829 -0.0149319 0.408819 -0.340088 0.056618 0.213111 0.173189 -0.0670607 -0.0377456 -0.201849 -0.216349 -0.0323128 -0.0532792 -0.0579749 0.0369127 0.0844222 -0.132331 -0.0492782 -0.0145959 0.000697072 -0.0286145 -0.0153847 -0.0342798 -0.0813622 0.0316473 -0.0631559 -0.0887375 -0.0753206 0.00322194 4.8521e-17
-0.0194669 0.0933107 -0.0579685 -0.0351289 0.210085 -0.020891 0.438357 -0.148961 -0.209787 0.227709 -0.188248 0.0823328 0.168193 0.0489222 0.109326 0.106367 -0.152651 -0.0347214 -0.0728287 0.075257 -0.156765 0.00817602 0.252062 -0.348003 0.519615 0.00951913 -0.115163 -0.0589219 0.0125627 -0.0541578 -0.00304909 0.0013322 0.0222068 0.00077138 -0.00299606 -5.92564e-05 -0.0065943 -0.00286958 -0.00055853 -0.00665938 -0.00611762 -0.0072906 -0.000363094 3.04501e-17
-0.0817508 0.0392736 0.353162 -0.0875993 -0.25089 0.120141 0.0319382 -0.0880859 -0.0306841 0.138295 -0.0169052 -0.0857004 -0.00756875 -0.0793411 -0.0229174 0.0391129 -0.078981 -0.0406964 0.109877 0.0537545 0.0499927 -0.0735661 0.00325104 0.0299084 0.00887494 0.00720725 -0.0126064 -0.010358 0.0272156 -0.00692872 0.0579575 0.0406498 0.462726 0.0261243 -0.0660468 0.392865 -0.10618 -0.145998 0.0707557 0.399161 0.0325717 -0.28638 -0.213872 5.37159e-16
0.332586 -0.0198794 0.0294443 -0.0133783 0.065448 0.00136397 0.021249 0.0449984 -0.0481026 -0.0469252 -0.0159124 0.0439412 -0.070225 0.0310585 -0.00204594 0.0328128 0.0271059 0.0727161 -0.0167568 -0.0637891 -0.0571762 0.0418599 0.0095599 -0.0154402 -0.0124989 -0.0470892 0.0130941 -0.0207619 -0.015208 0.0125403 -0.0442239 -0.0302089 -0.259353 0.33966 0.130127 0.242341 -0.177527 -0.164143 0.110942 0.0629989 -0.0395015 0.0192877 -0.102898 0.707107
0.332586 -0.0198794 0.0294443 -0.0133783 0.065448 0.00136397 0.021249 0.0449984 -0.0481026 -0.0469252 -0.0159124 0.0439412 -0.070225 0.0310585 -0.00204594 0.0328128 0.0271059 0.0727161 -0.0167568 -0.0637891 -0.0571762 0.0418599 0.0095599 -0.0154402 -0.0124989 -0.0470892 0.0130941 -0.0207619 -0.015208 0.0125403 -0.0442239 -0.0302089 -0.259353 0.33966 0.130127 0.242341 -0.177527 -0.164143 0.110942 0.0629989 -0.0395015 0.0192877 -0.102898 -0.707107
-0.00837654 0.171643 0.0863165 0.357687 0.154448 -0.172138 -0.0621006 -0.110707 0.211108 -0.00128626 -0.0977453 0.108479 0.00279728 -0.0286909 0.0256351 -0.0708257 0.040812 0.00400023 -0.048644 0.0404655 0.0456991 0.071334 -0.00529432 -0.0326813 -0.0442224 0.082454 -0.0157718 -0.0245062 -0.00678818 -0.0200669 0.0356304 0.0635607 0.559653 0.368913 0.205272 -0.0513899 -0.115032 -0.0661561 0.068188 -0.263067 -0.07284 0.262949 0.0613831 -4.88053e-16
0.157556 0.284404 0.216231 -0.0728779 0.0579834 -0.0344916 -0.0982966 -0.0787271 0.00406336 0.000588205 -0.0392573 -0.0222018 0.0123541 0.0170995 0.0200239 0.0284752 0.0153003 0.00919748 0.00401286 -0.0171571 0.019691 -0.00515693 0.0114285 -0.014041 -0.0101179 0.00364745 0.0153744 -0.00881554 0.0042213 0.00152786 -0.0114914 -0.00139382 -0.0514752 0.129349 -0.0547626 -0.085743 0.0151872 -0.181068 -0.220031 0.0471617 0.487377 -0.262548 0.62952 3.98329e-16
